0.1 1.39178099 1.21832788
0.2 1.29545661 0.96832465
0.3 1.4463932 1.14325942
0.4 1.84116977 1.57901913
0.5 2.18191647 1.44204404
0.6 2.5073759 1.57029845
0.7 3.09490054 1.53929627
0.8 3.28482537 2.31417875
0.9 3.7698498 2.70718778
1.0 3.70568665 3.78287345
1.1 3.5972983 4.87002729
1.2 2.65264056 5.49669618
1.3 2.25871417 6.33574275
1.4 1.13359412 6.64687097
1.5 1.0218929 6.71553345
1.6 0.45354867 6.67917917
1.7 0.50597509 6.48175997
1.8 0.56700658 5.44383709
1.9 0.27931185 5.51781518
2.0 0.37124521 4.84716323
2.1 0.17050245 4.60634786
2.2 0.11636024 4.37864261
2.3 0.04863906 3.99972359
2.4 0.41652118 3.70115641
2.5 0.14910041 3.19598202
2.6 0.13326275 2.98596446
2.7 0.23158482 2.78625066
2.8 0.20848608 2.68815153
2.9 0.14476018 2.11924367
3.0 0.38445676 2.27079971
3.1 0.04290647 2.14609174
3.2 0.41677776 1.54080006
3.3 0.42647084 1.4780214
3.4 0.26536184 1.55063537
3.5 0.27513243 1.18792416
3.6 0.16365253 1.0727841
3.7 0.46457917 1.15558968
3.8 0.49049805 0.80826342
3.9 0.56490234 0.88971358
4.0 1.01251306 0.95705303
4.1 0.69432122 1.00328011
4.2 0.88980613 0.94568107
4.3 1.30621282 1.04659706
4.4 1.6008481 0.91365469
4.5 2.00944597 1.07466051
4.6 1.6287675 1.35518433
4.7 2.52983948 1.31171516
4.8 2.86220031 1.56340639
4.9 3.08656083 1.62620018
5.0 2.98949959 2.57024259
5.1 3.59630231 3.71384421
5.2 3.17160053 4.33058462
5.3 3.02254426 5.39844584
5.4 2.51908129 6.12795803
5.5 1.56204601 6.54842394
5.6 1.25194578 6.4988467
5.7 0.68557831 6.48462648
5.8 0.06722793 6.12663984
5.9 0.2624967 6.55052946
6.0 0.45603436 5.9259303
6.1 0.15404947 5.1931083
6.2 0.12541798 4.8193683
6.3 0.19497456 4.50650261
6.4 0.29527025 3.82188121
6.5 0.48339251 3.88466653
6.6 0.32307999 3.45257269
6.7 0.4000892 3.05111657
6.8 0.47853745 2.93349445
6.9 0.29713606 2.39672605
7.0 0.17576599 2.57179744
7.1 0.02459431 2.16821708
7.2 0.09664655 1.95848681
7.3 0.15845881 1.54381331
7.4 0.18535233 1.61711137
7.5 0.14243356 1.60167198
7.6 0.02893787 1.91524504
7.7 0.31241128 1.09997274
7.8 0.21747347 1.18538925
7.9 0.4600145 1.14767647
8.0 0.43279827 0.82541037
8.1 0.93248673 1.34262209
8.2 0.80839963 0.95497166
8.3 1.06777062 0.59468373
8.4 1.19540607 1.01512905
8.5 1.33712438 1.0061378
8.6 1.37162087 1.06460083
8.7 1.85306624 1.47827908
8.8 2.4916053 1.1838918
8.9 2.97773322 1.49241988
9.0 3.29814724 1.61000338
9.1 3.69419472 2.29627539
9.2 3.84296353 3.10541691
9.3 3.60304349 4.06539234
9.4 3.16323021 5.34543117
9.5 2.29226108 5.59896694
9.6 1.46449499 6.5908146
9.7 1.12139105 6.55370498
9.8 0.80944893 6.71504996
9.9 0.68530811 6.68728776
10.0 0.43806358 6.31958738